{
 "cells": [
  {
   "cell_type": "markdown",
   "metadata": {},
   "source": [
    "# Tests for thin layers\n",
    "\n",
    "**Scott Prahl**\n",
    "\n",
    "**January 2021**\n",
    "\n",
    "**version 2**"
   ]
  },
  {
   "cell_type": "code",
   "execution_count": 1,
   "metadata": {},
   "outputs": [],
   "source": [
    "import numpy as np\n",
    "import matplotlib.pyplot as plt\n",
    "import iadpython"
   ]
  },
  {
   "cell_type": "markdown",
   "metadata": {},
   "source": [
    "## Zero thickness layer\n"
   ]
  },
  {
   "cell_type": "code",
   "execution_count": 2,
   "metadata": {},
   "outputs": [
    {
     "name": "stdout",
     "output_type": "stream",
     "text": [
      "cos_theta |  0.05175  0.24597  0.49938  0.69360  0.76791  0.84962  0.94593  1.00000 |     flux\n",
      "----------+-------------------------------------------------------------------------+---------\n",
      "  0.05175 |  0.00000  0.00000  0.00000  0.00000  0.00000  0.00000  0.00000  0.00000 |  0.00000\n",
      "  0.24597 |  0.00000  0.00000  0.00000  0.00000  0.00000  0.00000  0.00000  0.00000 |  0.00000\n",
      "  0.49938 |  0.00000  0.00000  0.00000  0.00000  0.00000  0.00000  0.00000  0.00000 |  0.00000\n",
      "  0.69360 |  0.00000  0.00000  0.00000  0.00000  0.00000  0.00000  0.00000  0.00000 |  0.00000\n",
      "  0.76791 |  0.00000  0.00000  0.00000  0.00000  0.00000  0.00000  0.00000  0.00000 |  0.00000\n",
      "  0.84962 |  0.00000  0.00000  0.00000  0.00000  0.00000  0.00000  0.00000  0.00000 |  0.00000\n",
      "  0.94593 |  0.00000  0.00000  0.00000  0.00000  0.00000  0.00000  0.00000  0.00000 |  0.00000\n",
      "  1.00000 |  0.00000  0.00000  0.00000  0.00000  0.00000  0.00000  0.00000  0.00000 |  0.00000\n",
      "----------+-------------------------------------------------------------------------+---------\n",
      "  flux    |  0.00000  0.00000  0.00000  0.00000  0.00000  0.00000  0.00000  0.00000 |  0.00000\n",
      "\n",
      "cos_theta |  0.05175  0.24597  0.49938  0.69360  0.76791  0.84962  0.94593  1.00000 |     flux\n",
      "----------+-------------------------------------------------------------------------+---------\n",
      "  0.05175 | 74.52736  0.00000  0.00000  0.00000  0.00000  0.00000  0.00000  0.00000 |  1.00000\n",
      "  0.24597 |  0.00000  8.36376  0.00000  0.00000  0.00000  0.00000  0.00000  0.00000 |  1.00000\n",
      "  0.49938 |  0.00000  0.00000  4.11964  0.00000  0.00000  0.00000  0.00000  0.00000 |  1.00000\n",
      "  0.69360 |  0.00000  0.00000  0.00000  5.56066  0.00000  0.00000  0.00000  0.00000 |  1.00000\n",
      "  0.76791 |  0.00000  0.00000  0.00000  0.00000 11.59817  0.00000  0.00000  0.00000 |  1.00000\n",
      "  0.84962 |  0.00000  0.00000  0.00000  0.00000  0.00000  5.95335  0.00000  0.00000 |  1.00000\n",
      "  0.94593 |  0.00000  0.00000  0.00000  0.00000  0.00000  0.00000  6.31230  0.00000 |  1.00000\n",
      "  1.00000 |  0.00000  0.00000  0.00000  0.00000  0.00000  0.00000  0.00000 31.41641 |  1.00000\n",
      "----------+-------------------------------------------------------------------------+---------\n",
      "  flux    |  1.00000  1.00000  1.00000  1.00000  1.00000  1.00000  1.00000  1.00000 |  1.00000\n",
      "\n"
     ]
    }
   ],
   "source": [
    "s = iadpython.Sample(n=1.5, quad_pts=8)\n",
    "s.update_quadrature()\n",
    "\n",
    "r, t = iadpython.zero_layer(s)\n",
    "s.wrmatrix(r)\n",
    "s.wrmatrix(t)"
   ]
  },
  {
   "cell_type": "markdown",
   "metadata": {},
   "source": [
    "## IGI start method"
   ]
  },
  {
   "cell_type": "code",
   "execution_count": 3,
   "metadata": {},
   "outputs": [
    {
     "name": "stdout",
     "output_type": "stream",
     "text": [
      "cos_theta |  0.08859  0.40947  0.78766  1.00000 |     flux\n",
      "----------+-------------------------------------+---------\n",
      "  0.08859 |  1.55547  0.33652  0.17494  0.13780 |  0.27559\n",
      "  0.40947 |  0.33652  0.07281  0.03785  0.02981 |  0.05962\n",
      "  0.78766 |  0.17494  0.03785  0.01968  0.01550 |  0.03100\n",
      "  1.00000 |  0.13780  0.02981  0.01550  0.01221 |  0.02441\n",
      "----------+-------------------------------------+---------\n",
      "  flux    |  0.27559  0.05962  0.03100  0.02441 |  0.04883\n",
      "\n",
      "cos_theta |  0.08859  0.40947  0.78766  1.00000 |     flux\n",
      "----------+-------------------------------------+---------\n",
      "  0.08859 | 13.04576  0.33652  0.17494  0.13780 |  0.72441\n",
      "  0.40947 |  0.33652  2.84330  0.03785  0.02981 |  0.94038\n",
      "  0.78766 |  0.17494  0.03785  1.83038  0.01550 |  0.96900\n",
      "  1.00000 |  0.13780  0.02981  0.01550  7.62158 |  0.97559\n",
      "----------+-------------------------------------+---------\n",
      "  flux    |  0.72441  0.94038  0.96900  0.97559 |  0.95117\n",
      "\n"
     ]
    }
   ],
   "source": [
    "s = iadpython.Sample(a=1, b=100, g=0)\n",
    "\n",
    "r, t = iadpython.igi(s)\n",
    "s.wrmatrix(r)\n",
    "s.wrmatrix(t)"
   ]
  },
  {
   "cell_type": "code",
   "execution_count": 4,
   "metadata": {},
   "outputs": [
    {
     "name": "stdout",
     "output_type": "stream",
     "text": [
      "cos_theta |  0.08859  0.40947  0.78766  1.00000 |     flux\n",
      "----------+-------------------------------------+---------\n",
      "  0.08859 |  3.19060  0.51300  0.09360 -0.01636 |  0.33415\n",
      "  0.40947 |  0.51300  0.04916  0.00524  0.00941 |  0.03956\n",
      "  0.78766 |  0.09360  0.00524  0.00250  0.00486 |  0.00723\n",
      "  1.00000 | -0.01636  0.00941  0.00486 -0.00628 |  0.00409\n",
      "----------+-------------------------------------+---------\n",
      "  flux    |  0.33415  0.03956  0.00723  0.00409 |  0.02988\n",
      "\n",
      "cos_theta |  0.08859  0.40947  0.78766  1.00000 |     flux\n",
      "----------+-------------------------------------+---------\n",
      "  0.08859 |  9.56148  0.66419  0.16129 -0.01868 |  0.66585\n",
      "  0.40947 |  0.66419  2.80843  0.07395  0.02700 |  0.96044\n",
      "  0.78766 |  0.16129  0.07395  1.83985  0.07886 |  0.99277\n",
      "  1.00000 | -0.01868  0.02700  0.07886  7.57767 |  0.99591\n",
      "----------+-------------------------------------+---------\n",
      "  flux    |  0.66585  0.96044  0.99277  0.99591 |  0.97012\n",
      "\n"
     ]
    }
   ],
   "source": [
    "s = iadpython.Sample(a=1, b=100, g=0.9, quad_pts=4)\n",
    "\n",
    "r, t = iadpython.igi(s)\n",
    "s.wrmatrix(r)\n",
    "s.wrmatrix(t)"
   ]
  },
  {
   "cell_type": "markdown",
   "metadata": {},
   "source": [
    "## Diamond Initialization"
   ]
  },
  {
   "cell_type": "code",
   "execution_count": 5,
   "metadata": {},
   "outputs": [
    {
     "name": "stdout",
     "output_type": "stream",
     "text": [
      "r true\n",
      "cos_theta |  0.08859  0.40947  0.78766  1.00000 |     flux\n",
      "----------+-------------------------------------+---------\n",
      "  0.08859 |  1.04004  0.27087  0.14472  0.11473 |  0.21605\n",
      "  0.40947 |  0.27087  0.07055  0.03769  0.02988 |  0.05627\n",
      "  0.78766 |  0.14472  0.03769  0.02014  0.01596 |  0.03006\n",
      "  1.00000 |  0.11473  0.02988  0.01596  0.01266 |  0.02383\n",
      "----------+-------------------------------------+---------\n",
      "  flux    |  0.21605  0.05627  0.03006  0.02383 |  0.04488\n",
      "\n",
      "r \n",
      "cos_theta |  0.08859  0.40947  0.78766  1.00000 |     flux\n",
      "----------+-------------------------------------+---------\n",
      "  0.08859 |  1.04004  0.27087  0.14472  0.11473 |  0.21605\n",
      "  0.40947 |  0.27087  0.07055  0.03769  0.02988 |  0.05627\n",
      "  0.78766 |  0.14472  0.03769  0.02014  0.01596 |  0.03006\n",
      "  1.00000 |  0.11473  0.02988  0.01596  0.01266 |  0.02383\n",
      "----------+-------------------------------------+---------\n",
      "  flux    |  0.21605  0.05627  0.03006  0.02383 |  0.04488\n",
      "\n",
      "t true\n",
      "cos_theta |  0.08859  0.40947  0.78766  1.00000 |     flux\n",
      "----------+-------------------------------------+---------\n",
      "  0.08859 |  1.04004  0.27087  0.14472  0.11473 |  0.21605\n",
      "  0.40947 |  0.27087  0.07055  0.03769  0.02988 |  0.05627\n",
      "  0.78766 |  0.14472  0.03769  0.02014  0.01596 |  0.03006\n",
      "  1.00000 |  0.11473  0.02988  0.01596  0.01266 |  0.02383\n",
      "----------+-------------------------------------+---------\n",
      "  flux    |  0.21605  0.05627  0.03006  0.02383 |  0.04488\n",
      "\n",
      "t \n",
      "cos_theta |  0.08859  0.40947  0.78766  1.00000 |     flux\n",
      "----------+-------------------------------------+---------\n",
      "  0.08859 |  1.04004  0.27087  0.14472  0.11473 |  0.21605\n",
      "  0.40947 |  0.27087  0.07055  0.03769  0.02988 |  0.05627\n",
      "  0.78766 |  0.14472  0.03769  0.02014  0.01596 |  0.03006\n",
      "  1.00000 |  0.11473  0.02988  0.01596  0.01266 |  0.02383\n",
      "----------+-------------------------------------+---------\n",
      "  flux    |  0.21605  0.05627  0.03006  0.02383 |  0.04488\n",
      "\n"
     ]
    }
   ],
   "source": [
    "s = iadpython.Sample(a=1, b=100, g=0.0, quad_pts=4)\n",
    "\n",
    "r, t = iadpython.diamond(s)\n",
    "\n",
    "rr = np.array([[1.04004,0.27087,0.14472,0.11473],\n",
    "[0.27087,0.07055,0.03769,0.02988],\n",
    "[0.14472,0.03769,0.02014,0.01596],\n",
    "[0.11473,0.02988,0.01596,0.01266]])\n",
    "\n",
    "tt = np.array([[15.57900,0.27087,0.14472,0.11473],\n",
    "[0.27087,2.86214,0.03769,0.02988],\n",
    "[0.14472,0.03769,1.83444,0.01596],\n",
    "[0.11473,0.02988,0.01596,7.63134],\n",
    "[0.17543,0.94373,0.96994,0.97617]])\n",
    "\n",
    "print(\"r true\")\n",
    "s.wrmatrix(rr)\n",
    "\n",
    "print(\"r \")\n",
    "s.wrmatrix(r)\n",
    "\n",
    "\n",
    "print(\"t true\")\n",
    "s.wrmatrix(r)\n",
    "\n",
    "print(\"t \")\n",
    "s.wrmatrix(r)\n",
    "\n"
   ]
  },
  {
   "cell_type": "code",
   "execution_count": null,
   "metadata": {},
   "outputs": [],
   "source": []
  }
 ],
 "metadata": {
  "kernelspec": {
   "display_name": "Python 3",
   "language": "python",
   "name": "python3"
  },
  "language_info": {
   "codemirror_mode": {
    "name": "ipython",
    "version": 3
   },
   "file_extension": ".py",
   "mimetype": "text/x-python",
   "name": "python",
   "nbconvert_exporter": "python",
   "pygments_lexer": "ipython3",
   "version": "3.9.1"
  }
 },
 "nbformat": 4,
 "nbformat_minor": 4
}
